1692385788714 3818.3837890625 0
1692385797378 3770.275634765625 1
1692385806032 3743.945556640625 2
1692385814558 3720.6728515625 3
1692385824903 3692.55615234375 4
1692385834203 3667.81591796875 5
1692385844633 3650.878662109375 6
1692385852883 3615.10498046875 7
1692385861223 3588.278564453125 8
1692385869649 3576.236572265625 9
1692385878170 3553.018310546875 10
1692385886528 3523.536865234375 11
1692385894900 3509.00537109375 12
1692385903309 3473.81689453125 13
1692385911689 3449.53271484375 14
1692385920042 3430.212890625 15
1692385928443 3413.070556640625 16
1692385936782 3384.3916015625 17
1692385945125 3365.151611328125 18
1692385953252 3340.28076171875 19
