1691870148199 3775.551025390625 0
1691870162061 3724.35107421875 1
1691870176036 3697.49365234375 2
1691870189917 3677.34619140625 3
1691870203860 3665.3388671875 4
1691870217624 3646.009521484375 5
1691870230763 3634.928466796875 6
1691870244651 3618.564208984375 7
1691870258949 3601.69482421875 8
1691870273316 3588.135009765625 9
1691870287349 3570.134521484375 10
1691870301559 3549.536865234375 11
1691870315754 3538.532470703125 12
1691870330540 3523.2001953125 13
1691870344800 3506.447509765625 14
1691870359008 3489.9306640625 15
1691870373089 3476.5693359375 16
