1692384509864 2986.322021484375 0
1692384521470 2950.92431640625 1
1692384533339 2929.690673828125 2
1692384544891 2912.559814453125 3
1692384557056 2896.58984375 4
1692384568709 2882.4169921875 5
1692384580676 2867.321044921875 6
1692384591812 2855.6962890625 7
1692384603307 2841.250244140625 8
1692384615204 2828.56005859375 9
1692384627450 2820.370849609375 10
1692384639490 2808.387451171875 11
1692384651673 2797.255615234375 12
1692384662329 2786.581787109375 13
1692384674529 2782.421142578125 14
