1691849414155 2985.49853515625 0
1691849423842 2952.14453125 1
1691849433260 2938.353759765625 2
1691849443030 2926.42724609375 3
1691849452783 2918.105712890625 4
1691849462297 2908.32568359375 5
1691849470627 2901.502197265625 6
1691849479847 2890.628662109375 7
1691849488196 2882.335693359375 8
1691849496371 2873.5283203125 9
1691849505463 2867.097412109375 10
1691849514732 2858.588134765625 11
1691849523718 2852.482666015625 12
1691849532663 2846.415771484375 13
1691849540969 2841.736572265625 14
1691849549290 2833.04296875 15
1691849558275 2830.888427734375 16
1691849567283 2820.8359375 17
1691849575485 2820.097900390625 18
1691849583673 2811.214111328125 19
1691849592655 2805.78515625 20
1691849600861 2802.716064453125 21
1691849609794 2801.794921875 22
1691849617901 2796.355712890625 23
1691849626026 2788.673095703125 24
1691849634158 2786.47021484375 25
1691849642364 2779.15576171875 26
1691849651329 2778.12841796875 27
1691849659393 2774.779052734375 28
1691849668529 2766.480224609375 29
