1693770911001 2859.738037109375 0
1693770921394 2801.73779296875 1
1693770929531 2788.060546875 2
1693770940419 2768.696533203125 3
1693770950833 2753.844482421875 4
1693770960850 2738.46533203125 5
1693770968553 2722.0830078125 6
1693770979132 2709.327880859375 7
1693770986704 2689.43798828125 8
1693770994435 2669.185546875 9
1693771001969 2664.26220703125 10
1693771009727 2632.932861328125 11
1693771017711 2617.331787109375 12
1693771027704 2591.12548828125 13
1693771035456 2573.0576171875 14
1693771043475 2553.163330078125 15
1693771053627 2520.071533203125 16
1693771061331 2504.559326171875 17
1693771069144 2491.94921875 18
1693771077038 2462.229248046875 19
1693771084760 2444.828857421875 20
1693771092315 2423.40185546875 21
1693771099936 2405.24560546875 22
1693771107507 2384.189208984375 23
1693771115003 2370.119140625 24
1693771124918 2341.7568359375 25
1693771132170 2339.005126953125 26
1693771139452 2305.74755859375 27
1693771149207 2307.398681640625 28
1693771156533 2279.55712890625 29
1693771166390 2269.24365234375 30
1693771173749 2258.13525390625 31
1693771181089 2254.66015625 32
1693771188415 2246.180419921875 33
1693771195683 2220.4326171875 34
1693771202956 2215.0087890625 35
1693771210258 2218.2236328125 36
1693771217550 2195.565185546875 37
1693771224863 2183.6064453125 38
1693771232128 2181.54931640625 39
1693771241529 2169.926025390625 40
1693771248683 2163.79541015625 41
1693771255795 2160.781005859375 42
1693771262979 2153.28271484375 43
1693771270102 2153.47802734375 44
1693771277382 2139.201904296875 45
1693771284596 2140.841064453125 46
1693771291839 2141.63818359375 47
1693771299138 2126.665771484375 48
1693771306415 2138.27392578125 49
