1693770911001 0.0010000000474974513 0
1693770921394 0.0010000000474974513 1
1693770929531 0.0010000000474974513 2
1693770940419 0.0010000000474974513 3
1693770950833 0.0010000000474974513 4
1693770960850 0.0010000000474974513 5
1693770968553 0.0010000000474974513 6
1693770979132 0.0010000000474974513 7
1693770986704 0.0010000000474974513 8
1693770994435 0.0010000000474974513 9
1693771001969 0.0009330330649390817 10
1693771009727 0.0008705506334081292 11
1693771017711 0.0008122524595819414 12
1693771027704 0.0007578583317808807 13
1693771035456 0.0007071068393997848 14
1693771043475 0.0006597540341317654 15
1693771053627 0.0006155722658149898 16
1693771061331 0.0005743492511101067 17
1693771069144 0.0005358867929317057 18
1693771077038 0.0005000000819563866 19
1693771084760 0.0004665165615733713 20
1693771092315 0.00043527534580789506 21
1693771099936 0.00040612625889480114 22
1693771107507 0.0003789291949942708 23
1693771115003 0.00035355344880372286 24
1693771124918 0.00032987704616971314 25
1693771132170 0.00030778616201132536 26
1693771139452 0.0002871746546588838 27
1693771149207 0.0002679434255696833 28
1693771156533 0.00025000007008202374 29
1693771166390 0.0002332583098905161 30
1693771173749 0.000217637702007778 31
1693771181089 0.00020306315855123103 32
1693771188415 0.00018946462660096586 33
1693771195683 0.00017677675350569189 34
1693771202956 0.0001649385376367718 35
1693771210258 0.0001538930955575779 36
1693771217550 0.00014358734188135713 37
1693771224863 0.00013397172733675689 38
1693771232128 0.00012500003504101187 39
1693771241529 0.00011662915494525805 40
1693771248683 0.000108818851003889 41
1693771255795 0.00010153157927561551 42
1693771262979 9.473231330048293e-05 43
1693771270102 8.838837675284594e-05 44
1693771277382 8.24692688183859e-05 45
1693771284596 7.694654777878895e-05 46
1693771291839 7.179367094067857e-05 47
1693771299138 6.698586366837844e-05 48
1693771306415 6.250001752050593e-05 49
