1691876996858 2714.80419921875 0
1691877031770 2692.393798828125 1
1691877069458 2679.828125 2
1691877105465 2668.744140625 3
1691877143151 2661.0166015625 4
1691877179617 2655.68212890625 5
1691877217868 2651.13671875 6
1691877253493 2647.404052734375 7
1691877289354 2642.773681640625 8
1691877327068 2637.58203125 9
1691877365157 2632.25927734375 10
1691877401123 2629.424560546875 11
1691877436920 2626.986083984375 12
1691877471588 2625.1337890625 13
1691877507225 2623.461669921875 14
1691877542760 2621.3076171875 15
1691877577751 2617.3203125 16
1691877612769 2609.812255859375 17
1691877650189 2610.6630859375 18
1691877685051 2607.964599609375 19
1691877719215 2604.093017578125 20
1691877756110 2600.85693359375 21
1691877791564 2598.32177734375 22
1691877828801 2595.908447265625 23
1691877865909 2594.4951171875 24
1691877900836 2593.35546875 25
1691877935188 2594.40771484375 26
1691877970007 2590.421875 27
1691878006680 2587.869873046875 28
1691878040741 2587.6328125 29
