1691850525562 2989.029296875 0
1691850534852 2962.531005859375 1
1691850544134 2948.389892578125 2
1691850553473 2938.783447265625 3
1691850562802 2927.74658203125 4
1691850571945 2919.649658203125 5
1691850581235 2911.5439453125 6
1691850590371 2902.9541015625 7
1691850599735 2897.657958984375 8
1691850608815 2891.43115234375 9
1691850617942 2882.928466796875 10
1691850627179 2879.006103515625 11
1691850635618 2871.208984375 12
1691850644116 2866.927734375 13
1691850652668 2859.7724609375 14
1691850661855 2856.80517578125 15
1691850670524 2847.766357421875 16
1691850679895 2846.593994140625 17
1691850688531 2839.35888671875 18
1691850697195 2835.526611328125 19
1691850706629 2830.5224609375 20
1691850716091 2824.08203125 21
1691850725353 2820.264404296875 22
1691850734591 2818.0439453125 23
1691850743150 2813.9306640625 24
1691850752400 2807.12890625 25
1691850760778 2804.794677734375 26
1691850769027 2798.27001953125 27
1691850777298 2796.16943359375 28
1691850786574 2793.3740234375 29
