1693774977850 2883.784912109375 0
1693775016181 2848.52685546875 1
1693775052345 2826.8583984375 2
1693775092111 2808.909423828125 3
1693775134307 2794.989501953125 4
1693775173552 2779.396240234375 5
1693775213369 2766.17138671875 6
1693775254958 2754.25439453125 7
1693775295608 2742.379638671875 8
1693775338569 2730.679443359375 9
1693775380199 2719.756591796875 10
1693775419148 2713.7509765625 11
1693775461829 2702.78857421875 12
1693775502226 2693.012451171875 13
1693775545446 2685.37158203125 14
1693775586610 2676.6748046875 15
1693775627142 2669.01806640625 16
1693775666851 2662.821044921875 17
1693775705524 2654.361328125 18
1693775742849 2650.697509765625 19
1693775780449 2644.689208984375 20
1693775818675 2637.533203125 21
1693775858947 2632.8095703125 22
1693775895157 2627.088623046875 23
1693775930897 2623.303955078125 24
1693775966284 2616.572021484375 25
1693776002729 2609.3603515625 26
1693776038058 2607.2314453125 27
1693776073583 2601.3994140625 28
1693776109860 2599.151123046875 29
