1693774977850 0.0010000000474974513 0
1693775016181 0.0010000000474974513 1
1693775052345 0.0010000000474974513 2
1693775092111 0.0010000000474974513 3
1693775134307 0.0010000000474974513 4
1693775173552 0.0009330330649390817 5
1693775213369 0.0008705506334081292 6
1693775254958 0.0008122524595819414 7
1693775295608 0.0007578583317808807 8
1693775338569 0.0007071068393997848 9
1693775380199 0.0006597540341317654 10
1693775419148 0.0006155722658149898 11
1693775461829 0.0005743492511101067 12
1693775502226 0.0005358867929317057 13
1693775545446 0.0005000000819563866 14
1693775586610 0.0004665165615733713 15
1693775627142 0.00043527534580789506 16
1693775666851 0.00040612625889480114 17
1693775705524 0.0003789291949942708 18
1693775742849 0.00035355344880372286 19
1693775780449 0.00032987704616971314 20
1693775818675 0.00030778616201132536 21
1693775858947 0.0002871746546588838 22
1693775895157 0.0002679434255696833 23
1693775930897 0.00025000007008202374 24
1693775966284 0.0002332583098905161 25
1693776002729 0.000217637702007778 26
1693776038058 0.00020306315855123103 27
1693776073583 0.00018946462660096586 28
1693776109860 0.00017677675350569189 29
