1693774288710 3245.89501953125 0
1693774309975 3204.227294921875 1
1693774328406 3183.8125 2
1693774345721 3164.00830078125 3
1693774362598 3142.743408203125 4
1693774379406 3120.59326171875 5
1693774396722 3100.182373046875 6
1693774414352 3074.42626953125 7
1693774432265 3057.3837890625 8
1693774450293 3033.701904296875 9
1693774468711 3012.266845703125 10
1693774487121 2992.36376953125 11
1693774505393 2971.2900390625 12
1693774523764 2950.069091796875 13
1693774541884 2931.566650390625 14
1693774560303 2908.78369140625 15
1693774578483 2882.177734375 16
1693774596758 2864.3759765625 17
1693774614843 2846.09716796875 18
1693774633112 2825.590087890625 19
1693774651396 2806.271240234375 20
1693774669234 2791.16259765625 21
1693774687291 2778.330322265625 22
1693774705502 2770.000244140625 23
1693774723839 2748.03369140625 24
1693774741632 2741.302978515625 25
1693774759668 2722.85693359375 26
1693774777482 2713.440673828125 27
1693774795757 2704.390869140625 28
1693774813604 2683.326904296875 29
1693774831343 2681.5556640625 30
1693774848752 2666.96044921875 31
1693774867160 2653.13671875 32
1693774886262 2655.50732421875 33
1693774905452 2642.793701171875 34
1693774924104 2633.94482421875 35
1693774942394 2626.395751953125 36
1693774960967 2630.974853515625 37
1693774979221 2618.3896484375 38
1693774997388 2614.0400390625 39
1693775015721 2612.391357421875 40
1693775034310 2607.659423828125 41
