1693774288710 0.0010000000474974513 0
1693774309975 0.0010000000474974513 1
1693774328406 0.0010000000474974513 2
1693774345721 0.0010000000474974513 3
1693774362598 0.0010000000474974513 4
1693774379406 0.0009330330649390817 5
1693774396722 0.0008705506334081292 6
1693774414352 0.0008122524595819414 7
1693774432265 0.0007578583317808807 8
1693774450293 0.0007071068393997848 9
1693774468711 0.0006597540341317654 10
1693774487121 0.0006155722658149898 11
1693774505393 0.0005743492511101067 12
1693774523764 0.0005358867929317057 13
1693774541884 0.0005000000819563866 14
1693774560303 0.0004665165615733713 15
1693774578483 0.00043527534580789506 16
1693774596758 0.00040612625889480114 17
1693774614843 0.0003789291949942708 18
1693774633112 0.00035355344880372286 19
1693774651396 0.00032987704616971314 20
1693774669234 0.00030778616201132536 21
1693774687291 0.0002871746546588838 22
1693774705502 0.0002679434255696833 23
1693774723839 0.00025000007008202374 24
1693774741632 0.0002332583098905161 25
1693774759668 0.000217637702007778 26
1693774777482 0.00020306315855123103 27
1693774795757 0.00018946462660096586 28
1693774813604 0.00017677675350569189 29
1693774831343 0.0001649385376367718 30
1693774848752 0.0001538930955575779 31
1693774867160 0.00014358734188135713 32
1693774886262 0.00013397172733675689 33
1693774905452 0.00012500003504101187 34
1693774924104 0.00011662915494525805 35
1693774942394 0.000108818851003889 36
1693774960967 0.00010153157927561551 37
1693774979221 9.473231330048293e-05 38
1693774997388 8.838837675284594e-05 39
1693775015721 8.24692688183859e-05 40
1693775034310 7.694654777878895e-05 41
