1691854024169 2989.278076171875 0
1691854037802 2961.258056640625 1
1691854051460 2946.18701171875 2
1691854064781 2934.510498046875 3
1691854078285 2923.893798828125 4
1691854091585 2915.319091796875 5
1691854104923 2907.171630859375 6
1691854117254 2900.31982421875 7
1691854130121 2890.91748046875 8
1691854142641 2886.392822265625 9
1691854155947 2877.80810546875 10
1691854169294 2875.873779296875 11
1691854182693 2868.162109375 12
1691854196174 2865.3955078125 13
1691854208533 2858.34423828125 14
1691854221688 2849.440185546875 15
1691854234187 2847.99072265625 16
1691854247574 2843.26611328125 17
1691854261200 2838.78564453125 18
1691854273590 2833.872802734375 19
1691854286365 2828.146484375 20
1691854300083 2822.840576171875 21
1691854312694 2821.74072265625 22
1691854325974 2817.920654296875 23
1691854339547 2814.624267578125 24
1691854351986 2809.504638671875 25
1691854364024 2804.892578125 26
1691854376018 2803.169189453125 27
1691854388374 2797.982666015625 28
1691854400726 2795.05810546875 29
