1693772319383 2960.5546875 0
1693772340655 2926.830078125 1
1693772362235 2910.110107421875 2
1693772383320 2894.387451171875 3
1693772401934 2877.916748046875 4
1693772422110 2860.00390625 5
1693772442348 2843.622802734375 6
1693772460354 2828.075439453125 7
1693772480573 2812.640869140625 8
1693772498040 2799.072509765625 9
1693772518035 2783.79541015625 10
1693772537772 2772.271728515625 11
1693772555020 2758.627197265625 12
1693772574713 2744.141357421875 13
1693772594765 2732.313720703125 14
1693772614993 2718.01025390625 15
1693772632549 2703.608642578125 16
1693772652524 2690.626220703125 17
1693772672655 2680.19287109375 18
1693772692146 2665.9970703125 19
1693772709827 2654.172119140625 20
1693772729978 2646.38330078125 21
1693772750233 2632.23876953125 22
1693772770402 2623.248779296875 23
1693772787961 2614.01806640625 24
1693772805853 2611.323974609375 25
1693772823452 2596.01904296875 26
1693772843411 2591.795166015625 27
1693772863042 2588.659423828125 28
1693772880684 2575.2392578125 29
1693772898657 2567.126953125 30
1693772917045 2563.60205078125 31
1693772934950 2556.3642578125 32
1693772955054 2545.44287109375 33
1693772973140 2543.17333984375 34
1693772990779 2535.89208984375 35
1693773008714 2535.634521484375 36
1693773026673 2527.138671875 37
1693773046683 2528.65087890625 38
1693773064356 2524.363037109375 39
1693773081979 2520.572265625 40
1693773099601 2515.531982421875 41
1693773117275 2506.708984375 42
1693773135404 2504.766357421875 43
1693773153123 2501.75048828125 44
1693773170407 2502.064697265625 45
1693773188207 2496.66845703125 46
1693773205996 2501.476806640625 47
1693773223506 2495.431640625 48
1693773243594 2490.0810546875 49
1693773261480 2491.04736328125 50
1693773278940 2492.902587890625 51
1693773296324 2489.65185546875 52
1693773314148 2484.24560546875 53
1693773331830 2484.17919921875 54
1693773349514 2485.16943359375 55
1693773367462 2482.75341796875 56
1693773385333 2481.44140625 57
1693773402949 2476.529296875 58
1693773420904 2477.044677734375 59
