1693772319383 0.0010000000474974513 0
1693772340655 0.0010000000474974513 1
1693772362235 0.0010000000474974513 2
1693772383320 0.0010000000474974513 3
1693772401934 0.0010000000474974513 4
1693772422110 0.0009330330649390817 5
1693772442348 0.0008705506334081292 6
1693772460354 0.0008122524595819414 7
1693772480573 0.0007578583317808807 8
1693772498040 0.0007071068393997848 9
1693772518035 0.0006597540341317654 10
1693772537772 0.0006155722658149898 11
1693772555020 0.0005743492511101067 12
1693772574713 0.0005358867929317057 13
1693772594765 0.0005000000819563866 14
1693772614993 0.0004665165615733713 15
1693772632549 0.00043527534580789506 16
1693772652524 0.00040612625889480114 17
1693772672655 0.0003789291949942708 18
1693772692146 0.00035355344880372286 19
1693772709827 0.00032987704616971314 20
1693772729978 0.00030778616201132536 21
1693772750233 0.0002871746546588838 22
1693772770402 0.0002679434255696833 23
1693772787961 0.00025000007008202374 24
1693772805853 0.0002332583098905161 25
1693772823452 0.000217637702007778 26
1693772843411 0.00020306315855123103 27
1693772863042 0.00018946462660096586 28
1693772880684 0.00017677675350569189 29
1693772898657 0.0001649385376367718 30
1693772917045 0.0001538930955575779 31
1693772934950 0.00014358734188135713 32
1693772955054 0.00013397172733675689 33
1693772973140 0.00012500003504101187 34
1693772990779 0.00011662915494525805 35
1693773008714 0.000108818851003889 36
1693773026673 0.00010153157927561551 37
1693773046683 9.473231330048293e-05 38
1693773064356 8.838837675284594e-05 39
1693773081979 8.24692688183859e-05 40
1693773099601 7.694654777878895e-05 41
1693773117275 7.179367094067857e-05 42
1693773135404 6.698586366837844e-05 43
1693773153123 6.250001752050593e-05 44
1693773170407 5.8314577472629026e-05 45
1693773188207 5.44094255019445e-05 46
1693773205996 5.076578963780776e-05 47
1693773223506 4.7366156650241464e-05 48
1693773243594 4.419418837642297e-05 49
1693773261480 4.123463440919295e-05 50
1693773278940 3.847327388939448e-05 51
1693773296324 3.589683547033928e-05 52
1693773314148 3.349293183418922e-05 53
1693773331830 3.125000876025297e-05 54
1693773349514 2.9157288736314513e-05 55
1693773367462 2.720471275097225e-05 56
1693773385333 2.538289481890388e-05 57
1693773402949 2.3683078325120732e-05 58
1693773420904 2.2097094188211486e-05 59
