1692386695459 3221.7744140625 0
1692386707082 3178.556396484375 1
1692386719299 3157.5673828125 2
1692386730003 3135.05859375 3
1692386742797 3114.285400390625 4
1692386754624 3093.019287109375 5
1692386766556 3078.708251953125 6
1692386778512 3051.93603515625 7
1692386789721 3036.744384765625 8
1692386801580 3012.65380859375 9
1692386813049 3006.859130859375 10
1692386824781 2984.194580078125 11
1692386835374 2976.3564453125 12
1692386845555 2952.9638671875 13
1692386855924 2940.904541015625 14
1692386866244 2926.758056640625 15
1692386876554 2909.0673828125 16
1692386886975 2890.22314453125 17
1692386897264 2878.319580078125 18
1692386907585 2859.75390625 19
