1691854454599 2984.941162109375 0
1691854467876 2955.572998046875 1
1691854481240 2942.287841796875 2
1691854494789 2931.053955078125 3
1691854508051 2921.420654296875 4
1691854521338 2912.025390625 5
1691854534300 2903.059326171875 6
1691854547317 2895.73974609375 7
1691854560523 2888.93115234375 8
1691854572816 2882.31787109375 9
1691854586693 2876.87060546875 10
1691854600245 2867.43798828125 11
1691854613718 2863.22509765625 12
1691854626292 2857.29541015625 13
1691854638718 2853.025146484375 14
1691854651280 2846.63037109375 15
1691854663829 2843.52392578125 16
1691854677117 2841.613037109375 17
1691854689576 2836.14990234375 18
1691854702961 2831.18115234375 19
1691854716575 2827.6455078125 20
1691854729280 2821.365966796875 21
1691854741785 2817.379638671875 22
1691854754021 2813.109619140625 23
1691854766591 2815.6806640625 24
1691854778785 2808.560791015625 25
1691854790910 2805.398681640625 26
1691854803965 2802.954833984375 27
1691854816171 2800.44677734375 28
1691854828428 2795.255859375 29
