1691863839866 2984.669677734375 0
1691863859195 2944.943603515625 1
1691863878588 2916.504638671875 2
1691863897816 2884.733642578125 3
1691863917093 2860.056884765625 4
1691863936378 2836.1767578125 5
1691863955261 2815.02880859375 6
1691863972572 2797.03076171875 7
1691863991590 2777.903076171875 8
1691864010972 2760.92919921875 9
1691864028006 2742.20458984375 10
1691864045082 2725.7490234375 11
1691864062733 2705.913818359375 12
1691864080095 2686.572265625 13
1691864097400 2676.081298828125 14
1691864114798 2661.480712890625 15
1691864134165 2652.7294921875 16
1691864151341 2637.3115234375 17
1691864168711 2623.99365234375 18
1691864187723 2607.776123046875 19
1691864206731 2598.87158203125 20
1691864223807 2585.313720703125 21
1691864241113 2567.229248046875 22
1691864260224 2557.885009765625 23
1691864279067 2545.4169921875 24
1691864296230 2535.185546875 25
1691864315257 2526.365234375 26
1691864332309 2510.905029296875 27
1691864349046 2500.29052734375 28
1691864367769 2491.884521484375 29
