1691849749213 2990.688720703125 0
1691849758610 2961.7529296875 1
1691849767779 2948.143310546875 2
1691849777420 2938.5126953125 3
1691849786805 2928.53369140625 4
1691849795998 2919.841552734375 5
1691849804691 2912.874267578125 6
1691849813960 2906.12890625 7
1691849822660 2896.1884765625 8
1691849832146 2888.8544921875 9
1691849841626 2883.5546875 10
1691849850326 2879.90185546875 11
1691849859849 2872.054443359375 12
1691849869353 2865.06787109375 13
1691849878266 2858.547119140625 14
1691849886750 2856.4365234375 15
1691849896157 2848.20703125 16
1691849904747 2845.78662109375 17
1691849913360 2836.421875 18
1691849921777 2828.641845703125 19
1691849930398 2827.072998046875 20
1691849938917 2826.59375 21
1691849948195 2820.024169921875 22
1691849956811 2814.467041015625 23
1691849966009 2809.484619140625 24
1691849974563 2805.966552734375 25
1691849983014 2800.415283203125 26
1691849991509 2795.322509765625 27
1691850000934 2794.19677734375 28
1691850010397 2792.866455078125 29
