1691852161963 2989.313232421875 0
1691852176484 2959.08349609375 1
1691852191230 2945.982666015625 2
1691852205825 2933.359619140625 3
1691852219663 2924.14501953125 4
1691852233357 2914.010009765625 5
1691852245694 2906.772216796875 6
1691852259479 2897.370849609375 7
1691852272997 2889.401123046875 8
1691852286241 2882.176025390625 9
1691852298723 2877.157470703125 10
1691852311217 2871.18408203125 11
1691852325372 2862.98974609375 12
1691852338951 2858.28857421875 13
1691852352023 2852.19287109375 14
1691852365194 2844.108154296875 15
1691852378790 2841.802001953125 16
1691852391574 2837.012451171875 17
1691852405553 2831.843994140625 18
1691852419110 2827.225830078125 19
1691852432484 2824.263916015625 20
1691852445260 2821.962890625 21
1691852458855 2814.826171875 22
1691852472629 2810.16650390625 23
1691852486708 2809.6142578125 24
1691852499964 2804.3486328125 25
1691852513645 2800.9189453125 26
1691852527479 2797.772705078125 27
1691852540398 2791.042236328125 28
1691852554252 2787.69921875 29
