1693767708739 2891.205322265625 0
1693767718424 2818.259521484375 1
1693767728615 2801.927490234375 2
1693767736277 2785.255859375 3
1693767746248 2772.944091796875 4
1693767754172 2765.213623046875 5
1693767763925 2752.517333984375 6
1693767774038 2740.81884765625 7
1693767783872 2726.16455078125 8
1693767793952 2720.438232421875 9
1693767801402 2710.432373046875 10
1693767808907 2697.388671875 11
1693767818679 2687.9697265625 12
1693767828573 2669.884765625 13
1693767838247 2661.1005859375 14
1693767847864 2657.26123046875 15
1693767857654 2634.6162109375 16
1693767865054 2636.36474609375 17
1693767872560 2622.518310546875 18
1693767879986 2608.130126953125 19
1693767887440 2596.969482421875 20
1693767897119 2595.543701171875 21
1693767904472 2581.302490234375 22
1693767911901 2574.697021484375 23
1693767919300 2558.162109375 24
1693767926539 2552.75439453125 25
1693767934056 2540.978271484375 26
1693767941836 2525.605224609375 27
1693767949469 2513.291015625 28
1693767957207 2511.453369140625 29
