1691862154049 2990.94482421875 0
1691862167430 2949.03369140625 1
1691862180406 2933.86376953125 2
1691862193485 2921.855224609375 3
1691862206866 2910.210205078125 4
1691862220365 2900.509765625 5
1691862233367 2894.397705078125 6
1691862245930 2888.384033203125 7
1691862258027 2883.832763671875 8
1691862271356 2876.34326171875 9
1691862284750 2872.260009765625 10
1691862297035 2868.81982421875 11
1691862310186 2863.97021484375 12
1691862322546 2861.025390625 13
1691862334947 2858.685302734375 14
1691862348657 2854.434326171875 15
1691862361325 2850.00732421875 16
1691862374783 2847.93505859375 17
1691862387244 2844.623046875 18
1691862400439 2842.886474609375 19
1691862413083 2841.5546875 20
1691862425675 2838.100341796875 21
1691862438172 2834.7861328125 22
1691862450593 2834.62158203125 23
1691862462978 2832.660400390625 24
1691862476436 2828.83837890625 25
1691862488859 2827.219970703125 26
1691862502104 2826.0361328125 27
1691862515389 2827.23388671875 28
1691862527524 2821.97216796875 29
