1693775124976 3287.776611328125 0
1693775145339 3251.137451171875 1
1693775163211 3234.185791015625 2
1693775184871 3219.52001953125 3
1693775202953 3206.754638671875 4
1693775223438 3189.010986328125 5
1693775241574 3177.010009765625 6
1693775259432 3161.859619140625 7
1693775277012 3146.017333984375 8
1693775295104 3134.001953125 9
1693775312783 3119.63671875 10
1693775330722 3105.557861328125 11
1693775348655 3095.47998046875 12
1693775366627 3082.22802734375 13
1693775384583 3070.412109375 14
1693775403219 3058.443603515625 15
1693775422027 3043.402099609375 16
1693775440165 3031.29931640625 17
1693775458093 3027.79296875 18
1693775475846 3009.28369140625 19
1693775494204 3000.37744140625 20
1693775512570 2991.33349609375 21
1693775530170 2986.572265625 22
1693775547743 2969.81591796875 23
1693775565645 2963.43212890625 24
1693775583914 2954.73193359375 25
1693775601748 2950.48193359375 26
1693775619763 2940.68212890625 27
1693775639041 2928.287353515625 28
1693775657129 2921.961669921875 29
