1693775124976 0.0010000000474974513 0
1693775145339 0.0010000000474974513 1
1693775163211 0.0010000000474974513 2
1693775184871 0.0010000000474974513 3
1693775202953 0.0010000000474974513 4
1693775223438 0.0009330330649390817 5
1693775241574 0.0008705506334081292 6
1693775259432 0.0008122524595819414 7
1693775277012 0.0007578583317808807 8
1693775295104 0.0007071068393997848 9
1693775312783 0.0006597540341317654 10
1693775330722 0.0006155722658149898 11
1693775348655 0.0005743492511101067 12
1693775366627 0.0005358867929317057 13
1693775384583 0.0005000000819563866 14
1693775403219 0.0004665165615733713 15
1693775422027 0.00043527534580789506 16
1693775440165 0.00040612625889480114 17
1693775458093 0.0003789291949942708 18
1693775475846 0.00035355344880372286 19
1693775494204 0.00032987704616971314 20
1693775512570 0.00030778616201132536 21
1693775530170 0.0002871746546588838 22
1693775547743 0.0002679434255696833 23
1693775565645 0.00025000007008202374 24
1693775583914 0.0002332583098905161 25
1693775601748 0.000217637702007778 26
1693775619763 0.00020306315855123103 27
1693775639041 0.00018946462660096586 28
1693775657129 0.00017677675350569189 29
