1691851151295 2997.158935546875 0
1691851164560 2970.119873046875 1
1691851178030 2958.463623046875 2
1691851191562 2950.1162109375 3
1691851204704 2941.656005859375 4
1691851218066 2935.2451171875 5
1691851231765 2930.099365234375 6
1691851245170 2923.365234375 7
1691851258483 2918.44189453125 8
1691851271902 2914.31494140625 9
1691851285468 2909.765380859375 10
1691851298037 2903.061279296875 11
1691851311623 2900.8623046875 12
1691851325333 2895.21533203125 13
1691851338780 2891.541015625 14
1691851352263 2888.872802734375 15
1691851365379 2884.11083984375 16
1691851378980 2880.411376953125 17
1691851392091 2879.666259765625 18
1691851404980 2875.546630859375 19
1691851418162 2871.526123046875 20
1691851430055 2870.3203125 21
1691851443278 2866.53271484375 22
1691851456371 2862.921630859375 23
1691851468513 2859.52978515625 24
1691851481505 2857.70751953125 25
1691851494328 2857.62939453125 26
1691851507923 2852.489501953125 27
1691851521493 2853.048095703125 28
1691851534117 2850.42724609375 29
