1692387158177 2715.77099609375 0
1692387179402 2685.073974609375 1
1692387200624 2670.643798828125 2
1692387221927 2655.903564453125 3
1692387242247 2647.17431640625 4
1692387263915 2635.1708984375 5
1692387285130 2626.829345703125 6
1692387306557 2619.5009765625 7
1692387327637 2612.3251953125 8
1692387349453 2607.2353515625 9
1692387371770 2598.89794921875 10
1692387393845 2593.3955078125 11
1692387415753 2587.890625 12
1692387438100 2584.05224609375 13
1692387460905 2578.31298828125 14
1692387483597 2571.653076171875 15
1692387506537 2568.47802734375 16
1692387528723 2566.02783203125 17
1692387551379 2560.701171875 18
1692387573509 2556.74755859375 19
1692387595371 2552.4248046875 20
1692387617990 2549.537109375 21
1692387640410 2547.42333984375 22
1692387663037 2540.464111328125 23
1692387685524 2537.30126953125 24
1692387707066 2533.2666015625 25
1692387728956 2532.751708984375 26
1692387750538 2528.3779296875 27
1692387771997 2524.535400390625 28
1692387794387 2522.034912109375 29
1692387814763 2519.630615234375 30
1692387835644 2518.401123046875 31
1692387856245 2516.7939453125 32
1692387878233 2513.2919921875 33
1692387900308 2510.57275390625 34
1692387922163 2506.25146484375 35
1692387945066 2503.400146484375 36
1692387967186 2502.587158203125 37
1692387987798 2500.961181640625 38
1692388008022 2500.320068359375 39
