1691864584853 2986.337890625 0
1691864604748 2953.125732421875 1
1691864624440 2928.8828125 2
1691864644052 2906.895263671875 3
1691864663909 2886.641357421875 4
1691864681669 2869.139892578125 5
1691864701513 2852.06201171875 6
1691864721599 2835.414794921875 7
1691864741341 2824.186279296875 8
1691864760956 2810.783203125 9
1691864778633 2798.016845703125 10
1691864796829 2785.4921875 11
1691864816878 2778.691650390625 12
1691864836454 2768.140869140625 13
1691864856352 2757.27587890625 14
1691864874136 2747.506591796875 15
1691864891823 2739.195556640625 16
1691864909423 2731.659912109375 17
1691864928852 2718.0341796875 18
1691864948336 2711.3994140625 19
1691864965902 2699.664794921875 20
1691864983692 2694.440673828125 21
1691865001249 2687.22119140625 22
1691865020564 2676.406005859375 23
1691865038470 2675.553955078125 24
1691865055739 2666.021728515625 25
1691865073351 2655.733154296875 26
1691865090607 2651.484375 27
1691865108172 2645.4462890625 28
1691865125932 2636.605712890625 29
