1691867521998 2992.745849609375 0
1691867542148 2961.69189453125 1
1691867561890 2944.580810546875 2
1691867581821 2929.39208984375 3
1691867601870 2914.836181640625 4
1691867621549 2899.935791015625 5
1691867641113 2885.69287109375 6
1691867661068 2872.559814453125 7
1691867680732 2864.796875 8
1691867698501 2858.442138671875 9
1691867718561 2846.455322265625 10
1691867738286 2837.848388671875 11
1691867756226 2830.9443359375 12
1691867775932 2822.456787109375 13
1691867793885 2815.201904296875 14
1691867811612 2807.292236328125 15
1691867829255 2802.801513671875 16
1691867846822 2797.2275390625 17
1691867864405 2796.2109375 18
1691867884092 2787.661865234375 19
1691867901506 2781.376953125 20
1691867921054 2774.428955078125 21
1691867941158 2767.64794921875 22
1691867959034 2766.8505859375 23
1691867976908 2760.3134765625 24
1691867994434 2753.02978515625 25
1691868011980 2746.840576171875 26
1691868029441 2744.42822265625 27
1691868047053 2742.104248046875 28
1691868064803 2734.669921875 29
