1691851592735 2992.981689453125 0
1691851605867 2964.703369140625 1
1691851619558 2953.15087890625 2
1691851633450 2942.460205078125 3
1691851646875 2934.903564453125 4
1691851660246 2925.481689453125 5
1691851673872 2918.065185546875 6
1691851686531 2910.93896484375 7
1691851699926 2905.686767578125 8
1691851713640 2900.502197265625 9
1691851727180 2894.171142578125 10
1691851739653 2889.51025390625 11
1691851752032 2883.39599609375 12
1691851765649 2880.30615234375 13
1691851778958 2875.047119140625 14
1691851791455 2869.576904296875 15
1691851805079 2866.0283203125 16
1691851818493 2861.00830078125 17
1691851832347 2858.85791015625 18
1691851845064 2854.244140625 19
1691851857553 2849.6591796875 20
1691851870978 2846.43701171875 21
1691851883285 2842.30078125 22
1691851895437 2841.463623046875 23
1691851907972 2835.9755859375 24
1691851921658 2835.19140625 25
1691851934391 2832.943115234375 26
1691851947533 2826.399169921875 27
1691851959693 2827.650146484375 28
1691851973091 2821.009765625 29
