1691850056632 2987.533203125 0
1691850066601 2957.208984375 1
1691850075653 2941.9091796875 2
1691850085671 2932.1240234375 3
1691850095570 2922.422607421875 4
1691850105147 2914.01953125 5
1691850113801 2905.35205078125 6
1691850123138 2897.93994140625 7
1691850132631 2888.5537109375 8
1691850141726 2881.508056640625 9
1691850151017 2873.356689453125 10
1691850159951 2867.34228515625 11
1691850169000 2857.860107421875 12
1691850177419 2854.360107421875 13
1691850186547 2845.474853515625 14
1691850195556 2844.360595703125 15
1691850204626 2836.8427734375 16
1691850213624 2829.8544921875 17
1691850222830 2824.596435546875 18
1691850231866 2816.7353515625 19
1691850240867 2812.862060546875 20
1691850249256 2806.8896484375 21
1691850257716 2804.109619140625 22
1691850267002 2801.290771484375 23
1691850276109 2796.442626953125 24
1691850284588 2788.0400390625 25
1691850293027 2784.02734375 26
1691850302081 2779.76416015625 27
1691850311352 2780.331298828125 28
1691850319787 2773.872314453125 29
