1693773588518 2950.202880859375 0
1693773608067 2909.8984375 1
1693773627934 2880.861328125 2
1693773646127 2853.743896484375 3
1693773664607 2827.16552734375 4
1693773684922 2799.311767578125 5
1693773704812 2771.77001953125 6
1693773725026 2740.53271484375 7
1693773742866 2713.073974609375 8
1693773763196 2683.50146484375 9
1693773781133 2651.740966796875 10
1693773800890 2626.7412109375 11
1693773818913 2594.88525390625 12
1693773836173 2567.601318359375 13
1693773856003 2535.000732421875 14
1693773873841 2506.38427734375 15
1693773893509 2470.85791015625 16
1693773911710 2449.703857421875 17
1693773931039 2423.581787109375 18
1693773948940 2399.552734375 19
1693773966401 2377.755615234375 20
1693773983347 2350.095703125 21
1693774000486 2328.8798828125 22
1693774020265 2304.448974609375 23
1693774038358 2284.80908203125 24
1693774056651 2266.02880859375 25
1693774076910 2250.14501953125 26
1693774094489 2232.54345703125 27
1693774112265 2212.69287109375 28
1693774129908 2201.474853515625 29
1693774149773 2181.58251953125 30
1693774169123 2169.505126953125 31
1693774186211 2156.8720703125 32
1693774203088 2147.28515625 33
1693774220042 2130.046875 34
1693774239418 2122.161376953125 35
1693774258660 2111.390625 36
1693774276185 2098.934814453125 37
1693774293424 2090.17919921875 38
1693774312645 2082.521484375 39
1693774332415 2075.326416015625 40
1693774350009 2070.233642578125 41
1693774367804 2056.13623046875 42
1693774385002 2060.762451171875 43
1693774402479 2049.718017578125 44
1693774422010 2038.7718505859375 45
1693774440026 2035.1219482421875 46
1693774458771 2030.3121337890625 47
1693774477818 2028.1756591796875 48
1693774495040 2023.1966552734375 49
1693774513047 2012.8206787109375 50
1693774530675 2013.5579833984375 51
1693774549114 2008.49365234375 52
1693774566829 2004.3515625 53
1693774583567 2003.0111083984375 54
1693774601371 2001.47265625 55
1693774621765 1993.942626953125 56
1693774641858 1993.537841796875 57
1693774659749 1988.26025390625 58
1693774677099 1988.449462890625 59
