1693773588518 0.0010000000474974513 0
1693773608067 0.0010000000474974513 1
1693773627934 0.0010000000474974513 2
1693773646127 0.0010000000474974513 3
1693773664607 0.0010000000474974513 4
1693773684922 0.0009330330649390817 5
1693773704812 0.0008705506334081292 6
1693773725026 0.0008122524595819414 7
1693773742866 0.0007578583317808807 8
1693773763196 0.0007071068393997848 9
1693773781133 0.0006597540341317654 10
1693773800890 0.0006155722658149898 11
1693773818913 0.0005743492511101067 12
1693773836173 0.0005358867929317057 13
1693773856003 0.0005000000819563866 14
1693773873841 0.0004665165615733713 15
1693773893509 0.00043527534580789506 16
1693773911710 0.00040612625889480114 17
1693773931039 0.0003789291949942708 18
1693773948940 0.00035355344880372286 19
1693773966401 0.00032987704616971314 20
1693773983347 0.00030778616201132536 21
1693774000486 0.0002871746546588838 22
1693774020265 0.0002679434255696833 23
1693774038358 0.00025000007008202374 24
1693774056651 0.0002332583098905161 25
1693774076910 0.000217637702007778 26
1693774094489 0.00020306315855123103 27
1693774112265 0.00018946462660096586 28
1693774129908 0.00017677675350569189 29
1693774149773 0.0001649385376367718 30
1693774169123 0.0001538930955575779 31
1693774186211 0.00014358734188135713 32
1693774203088 0.00013397172733675689 33
1693774220042 0.00012500003504101187 34
1693774239418 0.00011662915494525805 35
1693774258660 0.000108818851003889 36
1693774276185 0.00010153157927561551 37
1693774293424 9.473231330048293e-05 38
1693774312645 8.838837675284594e-05 39
1693774332415 8.24692688183859e-05 40
1693774350009 7.694654777878895e-05 41
1693774367804 7.179367094067857e-05 42
1693774385002 6.698586366837844e-05 43
1693774402479 6.250001752050593e-05 44
1693774422010 5.8314577472629026e-05 45
1693774440026 5.44094255019445e-05 46
1693774458771 5.076578963780776e-05 47
1693774477818 4.7366156650241464e-05 48
1693774495040 4.419418837642297e-05 49
1693774513047 4.123463440919295e-05 50
1693774530675 3.847327388939448e-05 51
1693774549114 3.589683547033928e-05 52
1693774566829 3.349293183418922e-05 53
1693774583567 3.125000876025297e-05 54
1693774601371 2.9157288736314513e-05 55
1693774621765 2.720471275097225e-05 56
1693774641858 2.538289481890388e-05 57
1693774659749 2.3683078325120732e-05 58
1693774677099 2.2097094188211486e-05 59
