1692385435824 2986.024169921875 0
1692385448018 2951.7998046875 1
1692385460297 2928.03515625 2
1692385472389 2910.473876953125 3
1692385485007 2890.9892578125 4
1692385497413 2876.65673828125 5
1692385509298 2859.35498046875 6
1692385521985 2847.844970703125 7
1692385534102 2833.15771484375 8
1692385544313 2822.2431640625 9
1692385556453 2810.3408203125 10
1692385567214 2798.653076171875 11
1692385578042 2784.344970703125 12
1692385589759 2777.564208984375 13
1692385601909 2767.105224609375 14
1692385612551 2755.268310546875 15
1692385624751 2742.144775390625 16
1692385635767 2730.47216796875 17
1692385647847 2725.012451171875 18
1692385658677 2713.02001953125 19
