1691863095149 2993.67138671875 0
1691863113512 2950.1123046875 1
1691863132371 2926.886962890625 2
1691863150803 2906.999267578125 3
1691863169393 2889.402099609375 4
1691863188307 2879.099609375 5
1691863205806 2865.385986328125 6
1691863224496 2853.314453125 7
1691863242995 2844.85595703125 8
1691863260540 2833.200439453125 9
1691863278022 2822.66015625 10
1691863296726 2811.98046875 11
1691863315269 2808.068115234375 12
1691863332667 2803.654052734375 13
1691863350013 2796.680908203125 14
1691863368445 2789.975341796875 15
1691863385811 2778.18896484375 16
1691863403195 2777.188232421875 17
1691863420602 2770.691650390625 18
1691863438011 2763.5595703125 19
1691863455456 2762.204345703125 20
1691863473873 2758.807373046875 21
1691863491307 2752.0400390625 22
1691863508701 2746.013916015625 23
1691863527742 2741.33837890625 24
1691863546614 2733.907470703125 25
1691863563418 2731.73876953125 26
1691863580518 2732.006591796875 27
1691863597717 2726.3017578125 28
1691863615343 2723.284423828125 29
