1691855668128 2987.00927734375 0
1691855681926 2958.620361328125 1
1691855695332 2943.7705078125 2
1691855709168 2931.36767578125 3
1691855721569 2921.20703125 4
1691855734678 2911.28759765625 5
1691855748332 2903.780029296875 6
1691855761973 2895.08642578125 7
1691855774383 2890.043212890625 8
1691855788088 2885.322998046875 9
1691855801732 2875.7470703125 10
1691855814086 2871.895751953125 11
1691855826875 2864.871337890625 12
1691855841139 2861.262939453125 13
1691855854099 2853.065185546875 14
1691855868060 2849.35400390625 15
1691855881903 2844.069091796875 16
1691855895753 2838.860107421875 17
1691855908661 2833.84619140625 18
1691855921553 2830.326171875 19
1691855935420 2825.898193359375 20
1691855949343 2823.052978515625 21
1691855962160 2817.3125 22
1691855975051 2811.239013671875 23
1691855988941 2811.56787109375 24
1691856001695 2807.040771484375 25
1691856014300 2808.04736328125 26
1691856026855 2802.80419921875 27
1691856039363 2798.30517578125 28
1691856052071 2796.326416015625 29
1691856064483 2790.89404296875 30
1691856077117 2787.803466796875 31
1691856089733 2786.904296875 32
1691856103161 2782.8740234375 33
1691856115734 2782.4599609375 34
1691856128420 2780.030029296875 35
1691856141118 2779.082275390625 36
1691856153848 2772.86376953125 37
1691856166349 2772.751953125 38
1691856178781 2770.942138671875 39
1691856191242 2768.09326171875 40
1691856203920 2761.2763671875 41
1691856216267 2762.772705078125 42
1691856228938 2759.397216796875 43
1691856241711 2760.205810546875 44
1691856254270 2753.64599609375 45
1691856266589 2750.7294921875 46
1691856279046 2754.0869140625 47
1691856291810 2750.266845703125 48
1691856303978 2746.8681640625 49
1691856316287 2743.296875 50
1691856328852 2740.75439453125 51
1691856341044 2740.146484375 52
1691856353470 2738.659912109375 53
1691856365775 2733.463134765625 54
1691856378500 2735.78955078125 55
1691856392033 2731.3701171875 56
1691856405606 2728.8623046875 57
1691856417945 2729.853759765625 58
1691856430751 2724.901123046875 59
1691856443545 2721.666015625 60
1691856456449 2724.169677734375 61
1691856469092 2722.550537109375 62
1691856481763 2718.361083984375 63
1691856494420 2716.48828125 64
1691856506961 2714.21533203125 65
1691856519624 2713.44384765625 66
1691856532336 2714.49609375 67
1691856545018 2708.17041015625 68
1691856557423 2709.204345703125 69
1691856570009 2703.25048828125 70
1691856582549 2711.3505859375 71
1691856594944 2702.728515625 72
1691856607701 2698.1494140625 73
1691856620337 2701.384521484375 74
1691856632837 2696.638916015625 75
1691856645410 2692.553466796875 76
1691856657995 2694.546142578125 77
1691856670829 2695.2646484375 78
1691856683327 2688.466064453125 79
1691856695961 2686.878662109375 80
1691856708702 2688.04052734375 81
1691856721129 2688.424072265625 82
1691856733729 2685.09619140625 83
1691856746336 2683.393798828125 84
1691856758954 2678.810546875 85
1691856771625 2678.03955078125 86
1691856784365 2677.745849609375 87
1691856797042 2679.737548828125 88
1691856809609 2676.2158203125 89
1691856822116 2675.377685546875 90
1691856834375 2670.77490234375 91
1691856846771 2672.552734375 92
1691856859122 2669.6708984375 93
1691856871709 2671.22021484375 94
1691856884187 2667.052978515625 95
1691856896964 2663.8681640625 96
1691856909865 2663.0830078125 97
1691856922505 2660.454345703125 98
1691856934655 2661.215576171875 99
1691856947096 2660.899169921875 100
1691856959285 2653.9072265625 101
1691856971835 2661.7861328125 102
1691856984351 2652.59375 103
1691856996804 2656.083740234375 104
1691857009358 2658.080810546875 105
1691857021886 2652.787353515625 106
1691857034390 2644.795654296875 107
1691857046878 2653.047119140625 108
1691857059555 2650.72705078125 109
1691857072105 2649.314453125 110
1691857084789 2641.609619140625 111
1691857097597 2645.601318359375 112
1691857110175 2641.63916015625 113
1691857122757 2644.54736328125 114
1691857135406 2640.313720703125 115
1691857147793 2646.466552734375 116
1691857160239 2634.889404296875 117
1691857172744 2637.6171875 118
1691857185271 2630.965087890625 119
1691857197983 2636.20703125 120
1691857210627 2632.94287109375 121
1691857223216 2635.243896484375 122
1691857235868 2631.37255859375 123
1691857248267 2629.15234375 124
1691857260578 2628.90869140625 125
1691857273003 2627.458251953125 126
1691857285341 2621.22900390625 127
1691857297733 2623.275146484375 128
1691857310124 2622.12890625 129
1691857322260 2628.2255859375 130
1691857334465 2623.195556640625 131
1691857346418 2619.205322265625 132
1691857358479 2618.72509765625 133
1691857370799 2617.49951171875 134
1691857383010 2621.0517578125 135
1691857395192 2617.1396484375 136
1691857407918 2621.04833984375 137
1691857420078 2619.54931640625 138
1691857432242 2610.957275390625 139
1691857444579 2616.7294921875 140
1691857456815 2612.56396484375 141
1691857469420 2611.774658203125 142
1691857481928 2617.78564453125 143
1691857494263 2608.864013671875 144
1691857506712 2612.011962890625 145
1691857519403 2605.5361328125 146
1691857532107 2606.920166015625 147
1691857544850 2603.5966796875 148
1691857557303 2610.399658203125 149
1691857569773 2602.955810546875 150
1691857582267 2606.918701171875 151
1691857594681 2603.964599609375 152
1691857607271 2598.17041015625 153
1691857619401 2605.6630859375 154
1691857631865 2601.50390625 155
1691857644370 2600.203125 156
1691857656948 2596.6923828125 157
1691857669385 2598.461669921875 158
1691857681999 2597.582763671875 159
1691857694390 2594.98583984375 160
1691857706634 2592.54638671875 161
1691857718779 2593.617919921875 162
1691857731212 2593.9453125 163
1691857743516 2590.888671875 164
1691857756016 2598.397216796875 165
1691857768333 2593.567626953125 166
1691857780655 2602.563720703125 167
1691857793782 2590.072509765625 168
1691857806025 2590.74658203125 169
1691857819516 2588.4541015625 170
1691857831782 2583.756591796875 171
1691857844073 2585.20703125 172
1691857856515 2582.522216796875 173
1691857869181 2579.477783203125 174
1691857881637 2586.639892578125 175
1691857894092 2583.278076171875 176
1691857906640 2586.073486328125 177
1691857919105 2582.109619140625 178
1691857931604 2581.5869140625 179
1691857943654 2581.866943359375 180
1691857956159 2578.1767578125 181
1691857968708 2584.76806640625 182
1691857981202 2577.45166015625 183
1691857993636 2572.717041015625 184
1691858005817 2577.995849609375 185
1691858018305 2574.810791015625 186
1691858030691 2577.90673828125 187
1691858043220 2571.326416015625 188
1691858055480 2573.610107421875 189
1691858067872 2574.798095703125 190
1691858080135 2571.7822265625 191
1691858092501 2568.05712890625 192
1691858104743 2570.310302734375 193
1691858116769 2565.228271484375 194
1691858129129 2570.8232421875 195
1691858141604 2569.826904296875 196
1691858153579 2567.539794921875 197
1691858166144 2573.71142578125 198
1691858178511 2568.04638671875 199
