1691852706378 3003.0224609375 0
1691852731620 2972.235595703125 1
1691852756603 2958.799072265625 2
1691852781629 2945.111572265625 3
1691852806213 2934.94580078125 4
1691852830087 2926.038330078125 5
1691852854970 2917.8271484375 6
1691852879877 2911.486083984375 7
1691852905210 2901.8115234375 8
1691852929692 2899.548095703125 9
1691852955151 2891.2255859375 10
1691852978904 2885.46826171875 11
1691853003868 2878.0283203125 12
1691853027657 2877.307373046875 13
1691853053036 2871.232421875 14
1691853077470 2866.78125 15
1691853103209 2860.52099609375 16
1691853127772 2855.797607421875 17
1691853151792 2853.81591796875 18
1691853176573 2850.392333984375 19
1691853201378 2847.523193359375 20
1691853225209 2843.41064453125 21
1691853249250 2838.765869140625 22
1691853273588 2834.691162109375 23
1691853297779 2834.588623046875 24
1691853323167 2828.94189453125 25
1691853348587 2827.64599609375 26
1691853374554 2821.626220703125 27
1691853398782 2818.858642578125 28
1691853423400 2815.13671875 29
