1693770188001 2849.15771484375 0
1693770197469 2785.53857421875 1
1693770207009 2757.24951171875 2
1693770216743 2728.606689453125 3
1693770226595 2700.876708984375 4
1693770236587 2667.730712890625 5
1693770244108 2642.28076171875 6
1693770253479 2604.911865234375 7
1693770262474 2575.39990234375 8
1693770271564 2540.827880859375 9
1693770280971 2438.396240234375 10
1693770290033 2391.680419921875 11
1693770297159 2359.92529296875 12
1693770304243 2322.820556640625 13
1693770311322 2288.78515625 14
1693770318545 2269.054931640625 15
1693770327696 2224.250732421875 16
1693770335051 2206.104736328125 17
1693770344717 2181.230712890625 18
1693770352179 2146.049560546875 19
1693770361413 2053.61572265625 20
1693770368699 2012.3343505859375 21
1693770375974 1979.5361328125 22
1693770383306 1971.250244140625 23
1693770390656 1953.1622314453125 24
1693770397778 1929.0994873046875 25
1693770404936 1916.638916015625 26
1693770412066 1896.8365478515625 27
1693770419201 1879.972900390625 28
1693770426946 1867.523681640625 29
1693770434736 1805.6025390625 30
1693770442611 1791.3836669921875 31
1693770450348 1776.1265869140625 32
1693770457504 1765.2318115234375 33
1693770464690 1749.1865234375 34
1693770471803 1743.2254638671875 35
1693770478767 1739.100341796875 36
1693770487893 1725.320556640625 37
1693770494736 1730.2479248046875 38
1693770501722 1713.869873046875 39
1693770511053 1674.093994140625 40
1693770520243 1669.4056396484375 41
1693770529402 1664.8704833984375 42
1693770538549 1659.117919921875 43
1693770545645 1648.54931640625 44
1693770552598 1644.619873046875 45
1693770559535 1643.4384765625 46
1693770566483 1633.5494384765625 47
1693770573519 1630.93896484375 48
1693770580527 1635.4410400390625 49
