1693770188001 0.0010000000474974513 0
1693770197469 0.0010000000474974513 1
1693770207009 0.0010000000474974513 2
1693770216743 0.0010000000474974513 3
1693770226595 0.0010000000474974513 4
1693770236587 0.0010000000474974513 5
1693770244108 0.0010000000474974513 6
1693770253479 0.0010000000474974513 7
1693770262474 0.0010000000474974513 8
1693770271564 0.0010000000474974513 9
1693770280971 0.0005000000237487257 10
1693770290033 0.0005000000237487257 11
1693770297159 0.0005000000237487257 12
1693770304243 0.0005000000237487257 13
1693770311322 0.0005000000237487257 14
1693770318545 0.0005000000237487257 15
1693770327696 0.0005000000237487257 16
1693770335051 0.0005000000237487257 17
1693770344717 0.0005000000237487257 18
1693770352179 0.0005000000237487257 19
1693770361413 0.0002500000118743628 20
1693770368699 0.0002500000118743628 21
1693770375974 0.0002500000118743628 22
1693770383306 0.0002500000118743628 23
1693770390656 0.0002500000118743628 24
1693770397778 0.0002500000118743628 25
1693770404936 0.0002500000118743628 26
1693770412066 0.0002500000118743628 27
1693770419201 0.0002500000118743628 28
1693770426946 0.0002500000118743628 29
1693770434736 0.0001250000059371814 30
1693770442611 0.0001250000059371814 31
1693770450348 0.0001250000059371814 32
1693770457504 0.0001250000059371814 33
1693770464690 0.0001250000059371814 34
1693770471803 0.0001250000059371814 35
1693770478767 0.0001250000059371814 36
1693770487893 0.0001250000059371814 37
1693770494736 0.0001250000059371814 38
1693770501722 0.0001250000059371814 39
1693770511053 6.25000029685907e-05 40
1693770520243 6.25000029685907e-05 41
1693770529402 6.25000029685907e-05 42
1693770538549 6.25000029685907e-05 43
1693770545645 6.25000029685907e-05 44
1693770552598 6.25000029685907e-05 45
1693770559535 6.25000029685907e-05 46
1693770566483 6.25000029685907e-05 47
1693770573519 6.25000029685907e-05 48
1693770580527 6.25000029685907e-05 49
