1691848872082 2987.335693359375 0
1691848880947 2959.593505859375 1
1691848889132 2945.697998046875 2
1691848897281 2936.9609375 3
1691848906083 2931.462646484375 4
1691848915004 2921.724853515625 5
1691848923926 2915.720458984375 6
1691848932874 2911.798583984375 7
1691848941031 2906.37353515625 8
1691848949345 2900.6611328125 9
1691848957644 2898.477783203125 10
1691848966252 2890.60791015625 11
1691848975197 2890.5947265625 12
1691848983401 2885.1640625 13
1691848992139 2879.8935546875 14
1691849001050 2878.336669921875 15
1691849009165 2873.801025390625 16
1691849017287 2872.5830078125 17
1691849026260 2867.34326171875 18
1691849034500 2866.13818359375 19
1691849042531 2861.727294921875 20
1691849050269 2858.632080078125 21
1691849058564 2859.669189453125 22
1691849066680 2854.600341796875 23
1691849074780 2852.528564453125 24
1691849083538 2849.78564453125 25
1691849092319 2846.47265625 26
1691849101154 2844.169677734375 27
1691849109247 2843.278564453125 28
1691849117337 2837.1943359375 29
