1691848168319 2968.41650390625 0
1691848176713 2926.399658203125 1
1691848185282 2899.801025390625 2
1691848193601 2877.013916015625 3
1691848202665 2856.264892578125 4
1691848211234 2838.231689453125 5
1691848219580 2822.70263671875 6
1691848227864 2806.765380859375 7
1691848236371 2791.435302734375 8
1691848244234 2778.264892578125 9
1691848252138 2765.18310546875 10
1691848259503 2751.8486328125 11
1691848266976 2741.11376953125 12
1691848274891 2731.168701171875 13
1691848282973 2719.924072265625 14
1691848290719 2710.2001953125 15
1691848298507 2700.572998046875 16
1691848305934 2691.43408203125 17
1691848314269 2684.1171875 18
1691848322166 2672.198486328125 19
1691848330062 2663.775146484375 20
1691848337856 2655.583740234375 21
1691848346384 2647.578125 22
1691848354147 2635.728271484375 23
1691848362367 2632.681640625 24
1691848370373 2622.1552734375 25
1691848378257 2615.0859375 26
1691848386222 2608.070068359375 27
1691848393977 2604.306884765625 28
1691848401922 2594.0126953125 29
