1693771759689 2858.2001953125 0
1693771769125 2799.051025390625 1
1693771778266 2781.99072265625 2
1693771785392 2769.5068359375 3
1693771795013 2753.987548828125 4
1693771802130 2729.21533203125 5
1693771811445 2711.544921875 6
1693771820993 2690.73095703125 7
1693771828216 2669.242431640625 8
1693771835642 2644.87548828125 9
1693771845521 2622.061279296875 10
1693771855535 2601.57177734375 11
1693771865516 2584.244140625 12
1693771875093 2560.972900390625 13
1693771884718 2547.350341796875 14
1693771892512 2517.283447265625 15
1693771902294 2504.186767578125 16
1693771909443 2483.889892578125 17
1693771916731 2466.302978515625 18
1693771926308 2440.3330078125 19
1693771934145 2408.856689453125 20
1693771941918 2398.75439453125 21
1693771949727 2376.943603515625 22
1693771957391 2362.669189453125 23
1693771966916 2347.905029296875 24
1693771974716 2339.704345703125 25
1693771982375 2328.54931640625 26
1693771990056 2292.003173828125 27
1693771997747 2281.80419921875 28
1693772005363 2269.92724609375 29
1693772012679 2267.75341796875 30
1693772020241 2253.02099609375 31
1693772027978 2240.03173828125 32
1693772035753 2249.304443359375 33
1693772043523 2224.906494140625 34
1693772051225 2223.040283203125 35
1693772059118 2220.864013671875 36
1693772066666 2214.361572265625 37
1693772074443 2204.5009765625 38
1693772082143 2194.257080078125 39
1693772089523 2188.453125 40
1693772096946 2180.671630859375 41
1693772104197 2183.271484375 42
1693772113581 2171.431640625 43
1693772120811 2161.56884765625 44
1693772128380 2168.75341796875 45
1693772135942 2162.9736328125 46
1693772143563 2149.2529296875 47
1693772150869 2154.742919921875 48
1693772158151 2151.731201171875 49
1693772165498 2142.41259765625 50
1693772172807 2131.98486328125 51
1693772180611 2133.53173828125 52
1693772188040 2134.919677734375 53
1693772195765 2133.578125 54
1693772203420 2134.3076171875 55
1693772210768 2137.652587890625 56
1693772218053 2127.39892578125 57
1693772225394 2127.0322265625 58
1693772232606 2129.6416015625 59
