1693771759689 0.0010000000474974513 0
1693771769125 0.0010000000474974513 1
1693771778266 0.0010000000474974513 2
1693771785392 0.0010000000474974513 3
1693771795013 0.0010000000474974513 4
1693771802130 0.0009330330649390817 5
1693771811445 0.0008705506334081292 6
1693771820993 0.0008122524595819414 7
1693771828216 0.0007578583317808807 8
1693771835642 0.0007071068393997848 9
1693771845521 0.0006597540341317654 10
1693771855535 0.0006155722658149898 11
1693771865516 0.0005743492511101067 12
1693771875093 0.0005358867929317057 13
1693771884718 0.0005000000819563866 14
1693771892512 0.0004665165615733713 15
1693771902294 0.00043527534580789506 16
1693771909443 0.00040612625889480114 17
1693771916731 0.0003789291949942708 18
1693771926308 0.00035355344880372286 19
1693771934145 0.00032987704616971314 20
1693771941918 0.00030778616201132536 21
1693771949727 0.0002871746546588838 22
1693771957391 0.0002679434255696833 23
1693771966916 0.00025000007008202374 24
1693771974716 0.0002332583098905161 25
1693771982375 0.000217637702007778 26
1693771990056 0.00020306315855123103 27
1693771997747 0.00018946462660096586 28
1693772005363 0.00017677675350569189 29
1693772012679 0.0001649385376367718 30
1693772020241 0.0001538930955575779 31
1693772027978 0.00014358734188135713 32
1693772035753 0.00013397172733675689 33
1693772043523 0.00012500003504101187 34
1693772051225 0.00011662915494525805 35
1693772059118 0.000108818851003889 36
1693772066666 0.00010153157927561551 37
1693772074443 9.473231330048293e-05 38
1693772082143 8.838837675284594e-05 39
1693772089523 8.24692688183859e-05 40
1693772096946 7.694654777878895e-05 41
1693772104197 7.179367094067857e-05 42
1693772113581 6.698586366837844e-05 43
1693772120811 6.250001752050593e-05 44
1693772128380 5.8314577472629026e-05 45
1693772135942 5.44094255019445e-05 46
1693772143563 5.076578963780776e-05 47
1693772150869 4.7366156650241464e-05 48
1693772158151 4.419418837642297e-05 49
1693772165498 4.123463440919295e-05 50
1693772172807 3.847327388939448e-05 51
1693772180611 3.589683547033928e-05 52
1693772188040 3.349293183418922e-05 53
1693772195765 3.125000876025297e-05 54
1693772203420 2.9157288736314513e-05 55
1693772210768 2.720471275097225e-05 56
1693772218053 2.538289481890388e-05 57
1693772225394 2.3683078325120732e-05 58
1693772232606 2.2097094188211486e-05 59
