1693769206380 2884.868896484375 0
1693769216052 2827.045654296875 1
1693769223836 2809.218505859375 2
1693769234031 2801.63720703125 3
1693769244241 2791.207763671875 4
1693769254486 2784.006103515625 5
1693769262429 2770.940185546875 6
1693769270454 2762.1845703125 7
1693769280995 2756.79052734375 8
1693769288690 2751.0224609375 9
1693769298638 2724.9599609375 10
1693769308556 2709.4833984375 11
1693769316320 2699.504150390625 12
1693769326262 2695.21826171875 13
1693769336191 2680.5205078125 14
1693769346547 2672.0556640625 15
1693769354312 2672.918701171875 16
1693769362081 2658.754150390625 17
1693769372154 2659.629150390625 18
1693769379599 2651.681884765625 19
1693769389843 2634.35546875 20
1693769399915 2617.98583984375 21
1693769410269 2609.447998046875 22
1693769420497 2608.415771484375 23
1693769428191 2601.568603515625 24
1693769435810 2593.790283203125 25
1693769443363 2583.6591796875 26
1693769453241 2577.732177734375 27
1693769460821 2585.03515625 28
1693769470819 2569.681640625 29
1693769480391 2547.998046875 30
1693769490624 2548.519287109375 31
1693769500461 2540.60107421875 32
1693769507606 2540.119873046875 33
1693769515186 2535.22607421875 34
1693769522873 2527.95361328125 35
1693769532768 2533.485107421875 36
1693769540354 2523.23583984375 37
1693769547557 2522.92529296875 38
1693769555015 2511.530029296875 39
1693769562484 2504.7626953125 40
1693769569970 2506.33056640625 41
1693769577398 2491.1611328125 42
1693769585039 2495.507080078125 43
1693769592765 2499.8662109375 44
1693769600383 2497.721435546875 45
1693769607550 2488.23046875 46
1693769614859 2486.837646484375 47
1693769622091 2483.088623046875 48
1693769629656 2490.17236328125 49
