1693769206380 0.0010000000474974513 0
1693769216052 0.0010000000474974513 1
1693769223836 0.0010000000474974513 2
1693769234031 0.0010000000474974513 3
1693769244241 0.0010000000474974513 4
1693769254486 0.0010000000474974513 5
1693769262429 0.0010000000474974513 6
1693769270454 0.0010000000474974513 7
1693769280995 0.0010000000474974513 8
1693769288690 0.0010000000474974513 9
1693769298638 0.0005000000237487257 10
1693769308556 0.0005000000237487257 11
1693769316320 0.0005000000237487257 12
1693769326262 0.0005000000237487257 13
1693769336191 0.0005000000237487257 14
1693769346547 0.0005000000237487257 15
1693769354312 0.0005000000237487257 16
1693769362081 0.0005000000237487257 17
1693769372154 0.0005000000237487257 18
1693769379599 0.0005000000237487257 19
1693769389843 0.0002500000118743628 20
1693769399915 0.0002500000118743628 21
1693769410269 0.0002500000118743628 22
1693769420497 0.0002500000118743628 23
1693769428191 0.0002500000118743628 24
1693769435810 0.0002500000118743628 25
1693769443363 0.0002500000118743628 26
1693769453241 0.0002500000118743628 27
1693769460821 0.0002500000118743628 28
1693769470819 0.0002500000118743628 29
1693769480391 0.0001250000059371814 30
1693769490624 0.0001250000059371814 31
1693769500461 0.0001250000059371814 32
1693769507606 0.0001250000059371814 33
1693769515186 0.0001250000059371814 34
1693769522873 0.0001250000059371814 35
1693769532768 0.0001250000059371814 36
1693769540354 0.0001250000059371814 37
1693769547557 0.0001250000059371814 38
1693769555015 0.0001250000059371814 39
1693769562484 6.25000029685907e-05 40
1693769569970 6.25000029685907e-05 41
1693769577398 6.25000029685907e-05 42
1693769585039 6.25000029685907e-05 43
1693769592765 6.25000029685907e-05 44
1693769600383 6.25000029685907e-05 45
1693769607550 6.25000029685907e-05 46
1693769614859 6.25000029685907e-05 47
1693769622091 6.25000029685907e-05 48
1693769629656 6.25000029685907e-05 49
