1691848495240 3009.881103515625 0
1691848504701 2988.405029296875 1
1691848513323 2979.28515625 2
1691848522320 2970.427490234375 3
1691848532063 2965.365478515625 4
1691848541043 2958.616943359375 5
1691848550456 2955.685302734375 6
1691848559082 2949.765380859375 7
1691848567507 2947.61962890625 8
1691848575699 2943.768798828125 9
1691848583927 2939.20947265625 10
1691848592165 2939.51513671875 11
1691848601433 2935.92724609375 12
1691848609784 2928.456787109375 13
1691848618003 2930.435791015625 14
1691848625999 2923.652587890625 15
1691848634504 2927.249267578125 16
1691848642298 2921.51806640625 17
1691848650217 2920.188720703125 18
1691848658939 2917.634765625 19
1691848667241 2914.813720703125 20
1691848675351 2916.25537109375 21
1691848683411 2911.8671875 22
1691848691381 2914.208251953125 23
1691848699663 2909.9951171875 24
1691848707789 2907.521484375 25
1691848716142 2906.733642578125 26
1691848724441 2904.456298828125 27
1691848732654 2905.214599609375 28
1691848740889 2902.3544921875 29
