1691869438199 2989.637939453125 0
1691869460525 2962.3134765625 1
1691869482860 2946.04345703125 2
1691869505085 2926.962646484375 3
1691869527323 2910.807373046875 4
1691869549304 2895.503662109375 5
1691869571506 2878.2490234375 6
1691869593950 2865.592529296875 7
1691869616093 2854.80078125 8
1691869638388 2840.105712890625 9
1691869656377 2827.57568359375 10
1691869678723 2819.11865234375 11
1691869700645 2809.64990234375 12
1691869718738 2799.4638671875 13
1691869736673 2792.054443359375 14
1691869754468 2778.014404296875 15
1691869776632 2776.397216796875 16
1691869794489 2767.67724609375 17
1691869812536 2759.7099609375 18
1691869830502 2753.36767578125 19
1691869852787 2746.896728515625 20
1691869874978 2743.803466796875 21
1691869892743 2734.564208984375 22
1691869915220 2734.26513671875 23
1691869937303 2720.498291015625 24
1691869954850 2714.44921875 25
1691869972582 2710.891845703125 26
1691869990445 2702.13232421875 27
1691870008214 2695.72802734375 28
1691870025925 2695.571044921875 29
