1691871505548 2698.177734375 0
1691871542880 2664.989013671875 1
1691871580435 2647.58544921875 2
1691871617860 2638.099609375 3
1691871652466 2628.689697265625 4
1691871689447 2621.677001953125 5
1691871726572 2614.2314453125 6
1691871763971 2607.749267578125 7
1691871800951 2601.677001953125 8
1691871835799 2597.91796875 9
1691871872856 2591.966552734375 10
1691871910728 2587.107666015625 11
1691871945624 2581.670166015625 12
1691871983486 2579.104736328125 13
1691872018754 2575.73193359375 14
1691872053326 2573.635498046875 15
1691872090804 2570.99560546875 16
1691872128312 2566.430419921875 17
1691872163687 2561.296630859375 18
1691872198459 2559.235595703125 19
1691872235546 2556.17431640625 20
1691872272803 2552.98046875 21
1691872310272 2550.926025390625 22
1691872345896 2550.62890625 23
1691872381504 2544.623046875 24
1691872416623 2546.1181640625 25
1691872454372 2541.94775390625 26
1691872492292 2540.244384765625 27
1691872529579 2539.0419921875 28
1691872565338 2536.909423828125 29
