1693774420829 3236.009521484375 0
1693774438956 3180.6015625 1
1693774456277 3148.9033203125 2
1693774473584 3117.173095703125 3
1693774490940 3081.439697265625 4
1693774508435 3040.622802734375 5
1693774526095 2998.6357421875 6
1693774543407 2954.870361328125 7
1693774560768 2906.820068359375 8
1693774577824 2863.89111328125 9
1693774595613 2813.280517578125 10
1693774613949 2763.352294921875 11
1693774631524 2718.671630859375 12
1693774649661 2679.017822265625 13
1693774667954 2635.564453125 14
1693774686453 2588.2509765625 15
1693774704105 2546.66357421875 16
1693774722222 2513.27099609375 17
1693774739840 2471.625732421875 18
1693774757688 2447.012939453125 19
1693774775557 2398.159423828125 20
1693774792902 2378.284423828125 21
1693774810601 2347.08447265625 22
1693774827769 2316.716796875 23
1693774845600 2297.64697265625 24
1693774863328 2271.599609375 25
1693774881506 2252.2265625 26
1693774899793 2216.8154296875 27
1693774917969 2206.40869140625 28
1693774935920 2183.555908203125 29
1693774953763 2171.208984375 30
1693774971577 2156.120361328125 31
1693774989225 2140.8251953125 32
1693775006874 2124.333740234375 33
1693775024276 2109.173583984375 34
1693775041796 2102.899658203125 35
1693775058240 2090.68505859375 36
1693775074445 2075.663330078125 37
1693775090762 2066.173828125 38
1693775106688 2056.73583984375 39
1693775122691 2047.50244140625 40
1693775138616 2040.6573486328125 41
1693775154543 2036.1756591796875 42
1693775170488 2029.1190185546875 43
1693775186506 2022.3172607421875 44
1693775202723 2015.204833984375 45
1693775219144 2009.861328125 46
1693775235148 2004.7044677734375 47
1693775251134 2002.00537109375 48
1693775266984 1992.1287841796875 49
1693775282707 1990.5711669921875 50
1693775298395 1984.829345703125 51
1693775314239 1981.9105224609375 52
1693775330334 1980.0396728515625 53
1693775346305 1977.137451171875 54
1693775362038 1972.0479736328125 55
1693775377955 1969.42822265625 56
1693775393898 1967.0322265625 57
1693775409645 1959.4359130859375 58
1693775425620 1960.2642822265625 59
