1693774420829 0.0010000000474974513 0
1693774438956 0.0010000000474974513 1
1693774456277 0.0010000000474974513 2
1693774473584 0.0010000000474974513 3
1693774490940 0.0010000000474974513 4
1693774508435 0.0009330330649390817 5
1693774526095 0.0008705506334081292 6
1693774543407 0.0008122524595819414 7
1693774560768 0.0007578583317808807 8
1693774577824 0.0007071068393997848 9
1693774595613 0.0006597540341317654 10
1693774613949 0.0006155722658149898 11
1693774631524 0.0005743492511101067 12
1693774649661 0.0005358867929317057 13
1693774667954 0.0005000000819563866 14
1693774686453 0.0004665165615733713 15
1693774704105 0.00043527534580789506 16
1693774722222 0.00040612625889480114 17
1693774739840 0.0003789291949942708 18
1693774757688 0.00035355344880372286 19
1693774775557 0.00032987704616971314 20
1693774792902 0.00030778616201132536 21
1693774810601 0.0002871746546588838 22
1693774827769 0.0002679434255696833 23
1693774845600 0.00025000007008202374 24
1693774863328 0.0002332583098905161 25
1693774881506 0.000217637702007778 26
1693774899793 0.00020306315855123103 27
1693774917969 0.00018946462660096586 28
1693774935920 0.00017677675350569189 29
1693774953763 0.0001649385376367718 30
1693774971577 0.0001538930955575779 31
1693774989225 0.00014358734188135713 32
1693775006874 0.00013397172733675689 33
1693775024276 0.00012500003504101187 34
1693775041796 0.00011662915494525805 35
1693775058240 0.000108818851003889 36
1693775074445 0.00010153157927561551 37
1693775090762 9.473231330048293e-05 38
1693775106688 8.838837675284594e-05 39
1693775122691 8.24692688183859e-05 40
1693775138616 7.694654777878895e-05 41
1693775154543 7.179367094067857e-05 42
1693775170488 6.698586366837844e-05 43
1693775186506 6.250001752050593e-05 44
1693775202723 5.8314577472629026e-05 45
1693775219144 5.44094255019445e-05 46
1693775235148 5.076578963780776e-05 47
1693775251134 4.7366156650241464e-05 48
1693775266984 4.419418837642297e-05 49
1693775282707 4.123463440919295e-05 50
1693775298395 3.847327388939448e-05 51
1693775314239 3.589683547033928e-05 52
1693775330334 3.349293183418922e-05 53
1693775346305 3.125000876025297e-05 54
1693775362038 2.9157288736314513e-05 55
1693775377955 2.720471275097225e-05 56
1693775393898 2.538289481890388e-05 57
1693775409645 2.3683078325120732e-05 58
1693775425620 2.2097094188211486e-05 59
